//JASDF and Imperial Japanese aircraft. Scale is probably okay
1601, 15, , , , 1, 0, 0, 0, 0, 0, 0, 0, 0, 0, 0, 0, , , , , 2, , , , , , , , 0, 0, 0, 0, 0, 0, 0, 0, 0, 0, 0, 0, 1601, , , , , , 0.068, //Mitsubishi A6M2, 
1612, 15, , , , 1, 0, 0, 0, 0, 0, 0, 0, 0, 0, 0, 0, , , , , 2, , , , , , , , 0, 0, 0, 0, 0, 0, 0, 0, 0, 0, 0, 0, 1612, , , , , , 0.068, //Nakajima G5N, 
1620, 15, , , , 1, 0, 0, 0, 0, 0, 0, 0, 0, 0, 0, 0, , , , , 2, , , , , , , , 0, 0, 0, 0, 0, 0, 0, 0, 0, 0, 0, 0, 1620, , , , , , 0.068, //NAMC YS-11EB, 
1621, 15, , , , 1, 0, 0, 0, 0, 0, 0, 0, 0, 0, 0, 0, , , , , 2, , , , , , , , 0, 0, 0, 0, 0, 0, 0, 0, 0, 0, 0, 0, 1621, , , , , , 0.068, //NAMC YS-11E, 
//ship section - scale might be off. I am open to suggestions (scale is the last value, it can be changed without the need for a recompile)
1657, 15, , , , 1, 0, 0, 0, 0, 0, 0, 0, 0, 0, 0, 0, , , , , 2, , , , , , , , 0, 0, 0, 0, 0, 0, 0, 0, 0, 0, 0, 0, 1657, , , , , , 0.32, //JMSDF Uzushio class submarine, 
1666, 15, , , , 1, 0, 0, 0, 0, 0, 0, 0, 0, 0, 0, 0, , , , , 2, , , , , , , , 0, 0, 0, 0, 0, 0, 0, 0, 0, 0, 0, 0, 1666, , , , , , 0.32, //JMSDF Yushio class submarine, 
1683, 15, , , , 1, 0, 0, 0, 0, 0, 0, 0, 0, 0, 0, 0, , , , , 2, , , , , , , , 0, 0, 0, 0, 0, 0, 0, 0, 0, 0, 0, 0, 1683, , , , , , 0.38, //Fictitious large guided missile cruiser,
1684, 15, , , , 1, 0, 0, 0, 0, 0, 0, 0, 0, 0, 0, 0, , , , , 2, , , , , , , , 0, 0, 0, 0, 0, 0, 0, 0, 0, 0, 0, 0, 1684, , , , , , 0.32, //JMSDF Harushio class submarine,
1686, 15, , , , 1, 0, 0, 0, 0, 0, 0, 0, 0, 0, 0, 0, , , , , 2, , , , , , , , 0, 0, 0, 0, 0, 0, 0, 0, 0, 0, 0, 0, 1686, , , , , , 0.35, //JMSDF Asahi class destroyer, 
1687, 15, , , , 1, 0, 0, 0, 0, 0, 0, 0, 0, 0, 0, 0, , , , , 2, , , , , , , , 0, 0, 0, 0, 0, 0, 0, 0, 0, 0, 0, 0, 1687, , , , , , 0.32, //JMSDF Yamagumo class Antisubmarine destroyer,
1694, 15, , , , 1, 0, 0, 0, 0, 0, 0, 0, 0, 0, 0, 0, , , , , 2, , , , , , , , 0, 0, 0, 0, 0, 0, 0, 0, 0, 0, 0, 0, 1694, , , , , , 0.5, //PLAN Type 035 "Ming" class Submarine, 
1695, 15, , , , 1, 0, 0, 0, 0, 0, 0, 0, 0, 0, 0, 0, , , , , 2, , , , , , , , 0, 0, 0, 0, 0, 0, 0, 0, 0, 0, 0, 0, 1695, , , , , , 0.5, //PLAN Type 039G "Song" class submarine, 
1696, 15, , , , 1, 0, 0, 0, 0, 0, 0, 0, 0, 0, 0, 0, , , , , 2, , , , , , , , 0, 0, 0, 0, 0, 0, 0, 0, 0, 0, 0, 0, 1696, , , , , , 0.5, //PLAN Type 093 "Shang" class nuclear attack submarine,
1697, 15, , , , 1, 0, 0, 0, 0, 0, 0, 0, 0, 0, 0, 0, , , , , 2, , , , , , , , 0, 0, 0, 0, 0, 0, 0, 0, 0, 0, 0, 0, 1697, , , , , , 0.5, //PLAN Type 091 "Han" class nuclear attack submarine, 
1698, 15, , , , 1, 0, 0, 0, 0, 0, 0, 0, 0, 0, 0, 0, , , , , 2, , , , , , , , 0, 0, 0, 0, 0, 0, 0, 0, 0, 0, 0, 0, 1698, , , , , , 0.5, //PLAN Type 039A/041 "Yuan" class submarine, 
1699, 15, , , , 1, 0, 0, 0, 0, 0, 0, 0, 0, 0, 0, 0, , , , , 2, , , , , , , , 0, 0, 0, 0, 0, 0, 0, 0, 0, 0, 0, 0, 1699, , , , , , 0.5, //PLAN Type 033 "Wuhan"/Project 633 "Romeo" class Submarine, 
1701, 15, , , , 1, 0, 0, 0, 0, 0, 0, 0, 0, 0, 0, 0, , , , , 2, , , , , , , , 0, 0, 0, 0, 0, 0, 0, 0, 0, 0, 0, 0, 1701, , , , , , 0.55, //Russian/PLAN Project 636 "Kilo" class submarine,  
1707, 15, , , , 1, 0, 0, 0, 0, 0, 0, 0, 0, 0, 0, 0, , , , , 2, , , , , , , , 0, 0, 0, 0, 0, 0, 0, 0, 0, 0, 0, 0, 1707, , , , , , 0.35, //PLAN Type 052C guided missile destroyer,
1708, 15, , , , 1, 0, 0, 0, 0, 0, 0, 0, 0, 0, 0, 0, , , , , 2, , , , , , , , 0, 0, 0, 0, 0, 0, 0, 0, 0, 0, 0, 0, 1708, , , , , , 0.35, //PLAN Type 055 guided missile destroyer,
1710, 15, , , , 1, 0, 0, 0, 0, 0, 0, 0, 0, 0, 0, 0, , , , , 2, , , , , , , , 0, 0, 0, 0, 0, 0, 0, 0, 0, 0, 0, 0, 1710, , , , , , 0.35, //PLAN Type 054A Frigate,
1721, 15, , , , 1, 0, 0, 0, 0, 0, 0, 0, 0, 0, 0, 0, , , , , 2, , , , , , , , 0, 0, 0, 0, 0, 0, 0, 0, 0, 0, 0, 0, 1721, , , , , , 0.5, //Russian Project 671 RMT "Victor III" class nuclear attack submarine,  
1726, 15, , , , 1, 0, 0, 0, 0, 0, 0, 0, 0, 0, 0, 0, , , , , 2, , , , , , , , 0, 0, 0, 0, 0, 0, 0, 0, 0, 0, 0, 0, 1726, , , , , , 0.5, //Russian Project 949A Antey/Oscar II class nuclear guided missile submarine, 
1727, 15, , , , 1, 0, 0, 0, 0, 0, 0, 0, 0, 0, 0, 0, , , , , 2, , , , , , , , 0, 0, 0, 0, 0, 0, 0, 0, 0, 0, 0, 0, 1727, , , , , , 0.5, //Russian Project 667 Navaga/Yankee class nuclear ballistic missile submarine, 

1778, 15, , , , 1, 0, 0, 0, 0, 0, 0, 0, 0, 0, 0, 0, , , , , 2, , , , , , , , 0, 0, 0, 0, 0, 0, 0, 0, 0, 0, 0, 0, 1778, , , , , , 0.04, //SA-13 SAM, 

1783, 15, , , , 1, 0, 0, 0, 0, 0, 0, 0, 0, 0, 0, 0, , , , , 2, , , , , , , , 0, 0, 0, 0, 0, 0, 0, 0, 0, 0, 0, 0, 1783, , , , , , 0.045, //Leopard 1A4, 


1799, 15, , , , 1, 0, 0, 0, 0, 0, 0, 0, 0, 0, 0, 0, , , , , 2, , , , , , , , 0, 0, 0, 0, 0, 0, 0, 0, 0, 0, 0, 0, 1799, , , , , , 0.5, //Enterprise class nuclear powered supercarrier,
1803, 15, , , , 1, 0, 0, 0, 0, 0, 0, 0, 0, 0, 0, 0, , , , , 2, , , , , , , , 0, 0, 0, 0, 0, 0, 0, 0, 0, 0, 0, 0, 1803, , , , , , 0.5, //Iowa class battleship roughly Desert Storm,
1804, 15, , , , 1, 0, 0, 0, 0, 0, 0, 0, 0, 0, 0, 0, , , , , 2, , , , , , , , 0, 0, 0, 0, 0, 0, 0, 0, 0, 0, 0, 0, 1804, , , , , , 0.5, //637/Sturgeon class nuclear attack submarine, 
1817, 15, , , , 1, 0, 0, 0, 0, 0, 0, 0, 0, 0, 0, 0, , , , , 2, , , , , , , , 0, 0, 0, 0, 0, 0, 0, 0, 0, 0, 0, 0, 1817, , , , , , 0.5, //688/Los Angeles Flight I class nuclear attack submarine, 
1818, 15, , , , 1, 0, 0, 0, 0, 0, 0, 0, 0, 0, 0, 0, , , , , 2, , , , , , , , 0, 0, 0, 0, 0, 0, 0, 0, 0, 0, 0, 0, 1818, , , , , , 0.5, //Vanguard nuclear ballistic missile submarine, 

1833, 15, , , , 1, 0, 0, 0, 0, 0, 0, 0, 0, 0, 0, 0, , , , , 2, , , , , , , , 0, 0, 0, 0, 0, 0, 0, 0, 0, 0, 0, 0, 1833, , , , , , 0.085, //Majestic aircraft carrier HMS Hercules/INS Vikrant post sale,

//Most of the "December" aircraft. Scale is probably within reason
1845, 15, , , , 1, 0, 0, 0, 0, 0, 0, 0, 0, 0, 0, 0, , , , , 2, , , , , , , , 0, 0, 0, 0, 0, 0, 0, 0, 0, 0, 0, 0, 1845, , , , , , 0.078, //Lockheed Martin F-35A. Note: Other versions of the F-35 will be made separately, 
1847, 15, , , , 1, 0, 0, 0, 0, 0, 0, 0, 0, 0, 0, 0, , , , , 2, , , , , , , , 0, 0, 0, 0, 0, 0, 0, 0, 0, 0, 0, 0, 1847, , , , , , 0.068, //Lockheed KC-130 Hercules Aerial tanker, 
1848, 15, , , , 1, 0, 0, 0, 0, 0, 0, 0, 0, 0, 0, 0, , , , , 2, , , , , , , , 0, 0, 0, 0, 0, 0, 0, 0, 0, 0, 0, 0, 1848, , , , , , 0.068, //Lockheed C-130 Hercules, 
1862, 15, , , , 1, 0, 0, 0, 0, 0, 0, 0, 0, 0, 0, 0, , , , , 2, , , , , , , , 0, 0, 0, 0, 0, 0, 0, 0, 0, 0, 0, 0, 1862, , , , , , 0.078, //Messerschmidt me 1101/99, 
1877, 15, , , , 1, 0, 0, 0, 0, 0, 0, 0, 0, 0, 0, 0, , , , , 2, , , , , , , , 0, 0, 0, 0, 0, 0, 0, 0, 0, 0, 0, 0, 1877, , , , , , 0.078, //Grumman E2 Hawkeye, 
1879, 15, , , , 1, 0, 0, 0, 0, 0, 0, 0, 0, 0, 0, 0, , , , , 2, , , , , , , , 0, 0, 0, 0, 0, 0, 0, 0, 0, 0, 0, 0, 1879, , , , , , 0.078, //Handley page Victor, 
1889, 15, , , , 1, 0, 0, 0, 0, 0, 0, 0, 0, 0, 0, 0, , , , , 2, , , , , , , , 0, 0, 0, 0, 0, 0, 0, 0, 0, 0, 0, 0, 1889, , , , , , 0.078, //Panavia Tornado,
1890, 15, , , , 1, 0, 0, 0, 0, 0, 0, 0, 0, 0, 0, 0, , , , , 2, , , , , , , , 0, 0, 0, 0, 0, 0, 0, 0, 0, 0, 0, 0, 1890, , , , , , 0.078, //Dassault Mirage 4000,
1891, 15, , , , 1, 0, 0, 0, 0, 0, 0, 0, 0, 0, 0, 0, , , , , 2, , , , , , , , 0, 0, 0, 0, 0, 0, 0, 0, 0, 0, 0, 0, 1891, , , , , , 0.078, //SEPECAT Jaguar,
1892, 15, , , , 1, 0, 0, 0, 0, 0, 0, 0, 0, 0, 0, 0, , , , , 2, , , , , , , , 0, 0, 0, 0, 0, 0, 0, 0, 0, 0, 0, 0, 1892, , , , , , 0.078, //KAI T-50,
1893, 15, , , , 1, 0, 0, 0, 0, 0, 0, 0, 0, 0, 0, 0, , , , , 2, , , , , , , , 0, 0, 0, 0, 0, 0, 0, 0, 0, 0, 0, 0, 1893, , , , , , 0.078, //AIDC F-CK-1,
1894, 15, , , , 1, 0, 0, 0, 0, 0, 0, 0, 0, 0, 0, 0, , , , , 2, , , , , , , , 0, 0, 0, 0, 0, 0, 0, 0, 0, 0, 0, 0, 1894, , , , , , 0.078, //Douglas F4D Skyray,
1895, 15, , , , 1, 0, 0, 0, 0, 0, 0, 0, 0, 0, 0, 0, , , , , 2, , , , , , , , 0, 0, 0, 0, 0, 0, 0, 0, 0, 0, 0, 0, 1895, , , , , , 0.078, //Mikoyan-Gurevich MiG-25,
1896, 15, , , , 1, 0, 0, 0, 0, 0, 0, 0, 0, 0, 0, 0, , , , , 2, , , , , , , , 0, 0, 0, 0, 0, 0, 0, 0, 0, 0, 0, 0, 1896, , , , , , 0.078, //Sukhoi Su-25,
1897, 15, , , , 1, 0, 0, 0, 0, 0, 0, 0, 0, 0, 0, 0, , , , , 2, , , , , , , , 0, 0, 0, 0, 0, 0, 0, 0, 0, 0, 0, 0, 1897, , , , , , 0.078, //Boeing KC-135 Stratotanker,
1899, 15, , , , 1, 0, 0, 0, 0, 0, 0, 0, 0, 0, 0, 0, , , , , 2, , , , , , , , 0, 0, 0, 0, 0, 0, 0, 0, 0, 0, 0, 0, 1899, , , , , , 0.078, //British Aerospace Harrier,
1902, 15, , , , 1, 0, 0, 0, 0, 0, 0, 0, 0, 0, 0, 0, , , , , 2, , , , , , , , 0, 0, 0, 0, 0, 0, 0, 0, 0, 0, 0, 0, 1902, , , , , , 0.078, //Airbus A330 MRTT,
1903, 15, , , , 1, 0, 0, 0, 0, 0, 0, 0, 0, 0, 0, 0, , , , , 2, , , , , , , , 0, 0, 0, 0, 0, 0, 0, 0, 0, 0, 0, 0, 1903, , , , , , 0.078, //North American F-108 Rapier,
1905, 15, , , , 1, 0, 0, 0, 0, 0, 0, 0, 0, 0, 0, 0, , , , , 2, , , , , , , , 0, 0, 0, 0, 0, 0, 0, 0, 0, 0, 0, 0, 1905, , , , , , 0.078, //Boeing 737 Wedgetail,
1906, 15, , , , 1, 0, 0, 0, 0, 0, 0, 0, 0, 0, 0, 0, , , , , 2, , , , , , , , 0, 0, 0, 0, 0, 0, 0, 0, 0, 0, 0, 0, 1906, , , , , , 0.078, //Boeing P8 Poseidon,
1907, 15, , , , 1, 0, 0, 0, 0, 0, 0, 0, 0, 0, 0, 0, , , , , 2, , , , , , , , 0, 0, 0, 0, 0, 0, 0, 0, 0, 0, 0, 0, 1907, , , , , , 0.078, //Sukhoi Su-24,
1908, 15, , , , 1, 0, 0, 0, 0, 0, 0, 0, 0, 0, 0, 0, , , , , 2, , , , , , , , 0, 0, 0, 0, 0, 0, 0, 0, 0, 0, 0, 0, 1908, , , , , , 0.078, //Northrop F-5,
1911, 15, , , , 1, 0, 0, 0, 0, 0, 0, 0, 0, 0, 0, 0, , , , , 2, , , , , , , , 0, 0, 0, 0, 0, 0, 0, 0, 0, 0, 0, 0, 1911, , , , , , 0.055, //Northrup Grumman YF-23, 
1912, 15, , , , 1, 0, 0, 0, 0, 0, 0, 0, 0, 0, 0, 0, , , , , 2, , , , , , , , 0, 0, 0, 0, 0, 0, 0, 0, 0, 0, 0, 0, 1845, ,F35B_tx.dds , , , , 0.078, //Lockheed Martin F-35B. entry calls mesh 1845 
1956, 15, , , , 1, 0, 0, 0, 0, 0, 0, 0, 0, 0, 0, 0, , , , , 2, , , , , , , , 0, 0, 0, 0, 0, 0, 0, 0, 0, 0, 0, 0, 1956, , , , , , 0.03, //Type 73 Kyu light truck MG, 
1960, 15, , , , 1, 0, 0, 0, 0, 0, 0, 0, 0, 0, 0, 0, , , , , 2, , , , , , , , 0, 0, 0, 0, 0, 0, 0, 0, 0, 0, 0, 0, 1960, , , , , , 0.041, //Type 73 APC, 
1961, 15, , , , 1, 0, 0, 0, 0, 0, 0, 0, 0, 0, 0, 0, , , , , 2, , , , , , , , 0, 0, 0, 0, 0, 0, 0, 0, 0, 0, 0, 0, 1961, , , , , , 0.03, //Type 73 Heavy truck, 
1962, 15, , , , 1, 0, 0, 0, 0, 0, 0, 0, 0, 0, 0, 0, , , , , 2, , , , , , , , 0, 0, 0, 0, 0, 0, 0, 0, 0, 0, 0, 0, 1962, , , , , , 0.03, //Type 73 Kyu light truck MAT64, 
1963, 15, , , , 1, 0, 0, 0, 0, 0, 0, 0, 0, 0, 0, 0, , , , , 2, , , , , , , , 0, 0, 0, 0, 0, 0, 0, 0, 0, 0, 0, 0, 1963, , , , , , 0.045, //Type 73 Nana-Yon mod A MBT, 
1964, 15, , , , 1, 0, 0, 0, 0, 0, 0, 0, 0, 0, 0, 0, , , , , 2, , , , , , , , 0, 0, 0, 0, 0, 0, 0, 0, 0, 0, 0, 0, 1964, , , , , , 0.045, //Type 73 Nana-Yon mod E MBT, 
1973, 15, , , , 1, 0, 0, 0, 0, 0, 0, 0, 0, 0, 0, 0, , , , , 2, , , , , , , , 0, 0, 0, 0, 0, 0, 0, 0, 0, 0, 0, 0, 1973, , , , , , 0.32, //JMSDF Soryu class submarine alternate, 
1974, 15, , , , 1, 0, 0, 0, 0, 0, 0, 0, 0, 0, 0, 0, , , , , 2, , , , , , , , 0, 0, 0, 0, 0, 0, 0, 0, 0, 0, 0, 0, 1974, , , , , , 0.5, //Block V Virginia class submarine, 
