1590, 15, , , , 1, 0, 0, 0, 0, 0, 0, 0, 0, 0, 0, 0, , , , , 2, , , , , , , , 0, 0, 0, 0, 0, 0, 0, 0, 0, 0, 0, 0, 1590, , , , , , 0.078, , Ki-44 Shoki,
1867, 15, , , , 1, 0, 0, 0, 0, 0, 0, 0, 0, 0, 0, 0, , , , , 2, , , , , , , , 0, 0, 0, 0, 0, 0, 0, 0, 0, 0, 0, 0, 1867, , , , , , 0.09, , C-33/747-400F,
1924, 0, 1, 2, , 1, 1, 1, 0, 0, 0, 0, 0, 0, 0, 0, 0, , , , , 2, 12, 2, , , , , , 0, 0, 0, 0, 0, 0, 0, 0, 0, 0, 0, 0, 1924, , , , , , 0.066, , Arado Ar-234, 
1927, 0, 1, 2, , 1, 1, 1, 0, 0, 0, 0, 0, 0, 0, 0, 0, , , , , 2, 12, 2, , , , , , 0, 0, 0, 0, 0, 0, 0, 0, 0, 0, 0, 0, 1927, , , , , , 0.082, , Horten Ho-229, 
1929, 15, , , , 1, 0, 0, 0, 0, 0, 0, 0, 0, 0, 0, 0, , , , , 2, , , , , , , , 0, 0, 0, 0, 0, 0, 0, 0, 0, 0, 0, 0, 1929, , , , , , 0.075, , Westland Wyvern, 
1965, 2, 0, 1, , 1, 1, 1, 0, 0, 0, 0, 0, 1, 0, 1, 0, , , , , 14, 2, 2, , , , , , 0, 0, 0, 0, 0, 0, 0, 0, 0, 0, 0, 0, 1965, , , , , , 0.043, , Type 74 Nana-Yon mod G MBT,
1966, 2, 0, 1, , 1, 1, 1, 0, 0, 0, 0, 0, 1, 0, 1, 0, , , , , 14, 2, 2, , , , , , 0, 0, 0, 0, 0, 0, 0, 0, 0, 0, 0, 0, 1966, , , , , , 0.043, , Type 74 Nana-Yon Urban kit MBT, 
2009, 15, , , , 1, 0, 0, 0, 0, 0, 0, 0, 0, 0, 0, 0, , , , , 2, , , , , , , , 0, 0, 0, 0, 0, 0, 0, 0, 0, 0, 0, 0, 2009, , , , , , 0.07, , Douglas A1D Skyraider, 
2025, 15, , , , 1, 0, 0, 0, 0, 0, 0, 0, 0, 0, 0, 0, , , , , 2, , , , , , , , 0, 0, 0, 0, 0, 0, 0, 0, 0, 0, 0, 0, 2025, , , , , , 0.065, , Fiat BR.20,
2026, 0, 1, 2, , 1, 1, 1, 0, 0, 0, 0, 0, 0, 1, 1, 0, , , , , 2, 2, 14, , , , , , 0, 0, 0, 0, 0, 0, 0, 0, 0, 0, 0, 0, 2026, , , , , , 0.055, , Renault FT-17, 
2027, 15, , , , 1, 0, 0, 0, 0, 0, 0, 0, 0, 0, 0, 0, , , , , 2, , , , , , , , 0, 0, 0, 0, 0, 0, 0, 0, 0, 0, 0, 0, 2027, , , , , , 0.048, , Boeing B-29 Superfortress, 
2048, 0, 1, , , 1, 1, 0, 0, 0, 0, 0, 0, 0, 0, 0, 0, , , , , 0, 2, , , , , , , 0, 0, 0, 0, 0, 0, 0, 0, 0, 1, 0, 0, 2048 , , , , , , 0.085, Site 110,
2049, 0, 1, , , 1, 1, 0, 0, 0, 0, 0, 0, 0, 0, 0, 0, , , , , 0, 2, , , , , , , 0, 0, 0, 0, 0, 0, 0, 0, 0, 1, 0, 0, 2049 , , , , , , 0.085, Launch Complex 39,